created_at,entry_id,field2
2023-03-16 02:44:33 UTC,1,927
2023-03-16 02:45:22 UTC,2,920
2023-03-16 02:45:49 UTC,3,965
2023-03-16 02:47:05 UTC,4,932
2023-03-16 02:47:25 UTC,5,930
2023-03-16 02:47:52 UTC,6,930
2023-03-16 09:22:38 UTC,7,929
2023-03-16 09:23:12 UTC,8,936
2023-03-16 12:10:46 UTC,9,928
2023-03-16 12:11:13 UTC,10,929
2023-03-16 12:11:53 UTC,11,935
2023-03-16 12:12:30 UTC,12,934
2023-03-16 12:16:20 UTC,13,982
2023-03-16 12:16:46 UTC,14,934
2023-03-16 12:17:13 UTC,15,976
2023-03-16 12:17:41 UTC,16,936
2023-03-16 12:18:07 UTC,17,937
2023-03-16 12:18:34 UTC,18,936
2023-03-16 12:19:29 UTC,19,981
2023-03-16 12:20:02 UTC,20,945
2023-03-16 12:26:59 UTC,21,941
2023-03-16 12:27:33 UTC,22,984
2023-03-16 12:28:00 UTC,23,946
